128,
130,
131,
133,
134,
136,
137,
139,
141,
142,
144,
145,
147,
148,
150,
152,
153,
155,
156,
158,
159,
161,
162,
164,
165,
167,
168,
170,
171,
173,
174,
176,
177,
179,
180,
182,
183,
185,
186,
187,
189,
190,
192,
193,
194,
196,
197,
198,
200,
201,
202,
203,
205,
206,
207,
209,
210,
211,
212,
213,
215,
216,
217,
218,
219,
220,
221,
222,
223,
224,
225,
227,
228,
228,
229,
230,
231,
232,
233,
234,
235,
236,
237,
238,
238,
239,
240,
241,
241,
242,
243,
244,
244,
245,
245,
246,
247,
247,
248,
248,
249,
249,
250,
250,
251,
251,
252,
252,
252,
253,
253,
254,
254,
254,
254,
255,
255,
255,
255,
255,
256,
256,
256,
256,
256,
256,
256,
256;